fiscalDateEnding,reportedCurrency,totalAssets,totalCurrentAssets,cashAndCashEquivalentsAtCarryingValue,cashAndShortTermInvestments,inventory,currentNetReceivables,totalNonCurrentAssets,propertyPlantEquipment,accumulatedDepreciationAmortizationPPE,intangibleAssets,intangibleAssetsExcludingGoodwill,goodwill,investments,longTermInvestments,shortTermInvestments,otherCurrentAssets,otherNonCurrentAssets,totalLiabilities,totalCurrentLiabilities,currentAccountsPayable,deferredRevenue,currentDebt,shortTermDebt,totalNonCurrentLiabilities,capitalLeaseObligations,longTermDebt,currentLongTermDebt,longTermDebtNoncurrent,shortLongTermDebtTotal,otherCurrentLiabilities,otherNonCurrentLiabilities,totalShareholderEquity,treasuryStock,retainedEarnings,commonStock,commonStockSharesOutstanding
2022-09-30,USD,68968000000,22689000000,11258000000,18695000000,1116000000,2034000000,31359000000,9195000000,None,7299000000,2772000000,4527000000,183000000,183000000,7437000000,844000000,9493000000,64070000000,21989000000,3534000000,None,3027000000,3573000000,37653000000,112000000,31445000000,2955000000,28490000000,31445000000,746000000,1354000000,4898000000,3533000000,421000000,4000000,326926963
2022-06-30,USD,70381000000,24371000000,16885000000,20075000000,1153000000,2217000000,31774000000,9019000000,None,7309000000,2782000000,4527000000,178000000,178000000,3190000000,926000000,9717000000,66417000000,23444000000,3755000000,None,3090000000,3633000000,38572000000,205000000,32187000000,3012000000,29175000000,32187000000,678000000,1297000000,3964000000,3551000000,-515000000,4000000,326744101
2022-03-31,USD,69038000000,22612000000,18468000000,18679000000,1068000000,2062000000,32228000000,8941000000,None,7319000000,2792000000,4527000000,177000000,177000000,211000000,803000000,9966000000,65414000000,21788000000,2966000000,None,3058000000,3596000000,39226000000,210000000,32659000000,2994000000,29665000000,32659000000,613000000,1293000000,3624000000,3552000000,-844000000,4000000,326728861
2021-12-31,USD,68175000000,21834000000,18283000000,18406000000,983000000,1663000000,31979000000,9263000000,None,7330000000,2803000000,4527000000,171000000,171000000,123000000,782000000,9622000000,63146000000,18304000000,2562000000,None,3078000000,3634000000,39936000000,219000000,33363000000,3002000000,30361000000,33363000000,560000000,1284000000,5029000000,3814000000,625000000,4000000,323810825
2021-09-30,USD,69294000000,23057000000,19256000000,19422000000,955000000,1709000000,30978000000,8633000000,None,7342000000,2815000000,4527000000,160000000,160000000,166000000,971000000,9412000000,63863000000,16935000000,2199000000,None,2385000000,2954000000,41434000000,250000000,33789000000,2269000000,31520000000,33789000000,1083000000,1360000000,5431000000,3814000000,1271000000,4000000,323806610
2021-06-30,USD,71049000000,24673000000,20838000000,21068000000,912000000,1793000000,31097000000,8683000000,None,7354000000,2827000000,4527000000,152000000,152000000,230000000,900000000,9624000000,66145000000,18064000000,2218000000,None,2025000000,2608000000,42312000000,250000000,34184000000,1881000000,32303000000,34184000000,819000000,1350000000,4904000000,3832000000,804000000,4000000,323610765
2021-03-31,USD,61662000000,16019000000,12666000000,12975000000,918000000,1389000000,30414000000,8581000000,None,7367000000,2840000000,4527000000,None,1107000000,309000000,737000000,9212000000,56456000000,14167000000,1838000000,None,1962000000,2585000000,35863000000,240000000,27632000000,1783000000,25849000000,27632000000,724000000,1298000000,5206000000,3834000000,1239000000,4000000,323577438
2020-12-31,USD,59548000000,14800000000,11269000000,11683000000,932000000,1295000000,30225000000,9059000000,None,7365000000,2838000000,4527000000,356000000,139000000,414000000,890000000,8745000000,53588000000,12725000000,1595000000,None,2093000000,2705000000,34656000000,224000000,26747000000,1911000000,24836000000,26747000000,706000000,1156000000,5960000000,3897000000,2626000000,4000000,311845232
2020-09-30,USD,61189000000,16476000000,13150000000,13702000000,961000000,1171000000,29228000000,8470000000,None,7379000000,2852000000,4527000000,None,824000000,552000000,642000000,8519000000,54186000000,15791000000,1831000000,None,4720000000,5343000000,32375000000,278000000,26881000000,4584000000,22297000000,26881000000,944000000,1174000000,7003000000,3898000000,4524000000,3000000,290990454
2020-06-30,USD,54901000000,10041000000,6505000000,7463000000,955000000,857000000,29064000000,8350000000,None,7375000000,2852000000,4523000000,None,798000000,958000000,766000000,8387000000,46384000000,16395000000,1725000000,None,4547000000,5145000000,25159000000,316000000,18772000000,4454000000,14318000000,18772000000,558000000,1430000000,8517000000,3899000000,6365000000,3000000,290982216
2020-03-31,USD,53055000000,7905000000,3442000000,5221000000,1070000000,792000000,29262000000,8200000000,None,7468000000,2945000000,4523000000,92000000,763000000,1779000000,822000000,8486000000,43637000000,16087000000,2436000000,None,4802000000,4802000000,23417000000,369000000,17253000000,4055000000,13198000000,17253000000,538000000,1179000000,9418000000,3901000000,7991000000,3000000,247256855
2019-12-31,USD,52611000000,8194000000,2762000000,4944000000,1072000000,1364000000,52852000000,30170000000,14537000000,7532000000,3009000000,4523000000,126000000,126000000,2182000000,814000000,9489000000,41080000000,14938000000,2703000000,None,2139000000,2139000000,23306000000,220000000,14552000000,1407000000,13145000000,14552000000,566000000,1024000000,11531000000,3599000000,9716000000,3000000,251216381
2019-09-30,USD,52199000000,8533000000,2959000000,5126000000,1065000000,1617000000,51932000000,29332000000,14153000000,7637000000,3114000000,4523000000,None,1131000000,2167000000,725000000,9397000000,40898000000,15691000000,2848000000,None,2113000000,2113000000,22525000000,186000000,14143000000,1243000000,12900000000,14143000000,574000000,981000000,11301000000,3384000000,9075000000,3000000,253624406
2019-06-30,USD,52150000000,8910000000,3221000000,5444000000,996000000,1762000000,51515000000,28918000000,13694000000,7652000000,3129000000,4523000000,None,1139000000,2223000000,708000000,9414000000,41830000000,16078000000,3033000000,None,2009000000,2009000000,22989000000,202000000,14193000000,1255000000,12938000000,14193000000,604000000,980000000,10320000000,3022000000,8050000000,3000000,257729166
2019-03-31,USD,50639000000,7608000000,1848000000,4067000000,972000000,1789000000,46248000000,28586000000,13739000000,7667000000,3144000000,4523000000,None,1098000000,2219000000,780000000,9380000000,40837000000,15335000000,2707000000,None,1201000000,1973000000,22862000000,236000000,13935000000,1201000000,12734000000,13935000000,2261000000,7387000000,9802000000,2487000000,6999000000,3000000,264271125
2018-12-31,USD,49024000000,7094000000,1694000000,3950000000,985000000,1426000000,46045000000,27399000000,13266000000,7682000000,3159000000,4523000000,None,966000000,2256000000,913000000,9269000000,38982000000,13839000000,2363000000,None,1379000000,1379000000,24456000000,224000000,13445000000,1230000000,12215000000,13445000000,553000000,1010000000,10042000000,1993000000,6715000000,3000000,269914769
2018-09-30,USD,44837000000,8671000000,2621000000,4935000000,1011000000,1752000000,44176000000,27308000000,None,7905000000,3382000000,4523000000,None,848000000,2314000000,973000000,8858000000,35319000000,13684000000,2581000000,None,1046000000,1046000000,24872000000,1116000000,13128000000,910000000,12218000000,13128000000,2589000000,8350000000,9518000000,1753000000,6203000000,3000000,272464412
2018-06-30,USD,44691000000,8881000000,2884000000,5071000000,942000000,1840000000,43826000000,26946000000,None,7922000000,3399000000,4523000000,None,848000000,2187000000,1028000000,8864000000,36000000000,14092000000,2703000000,None,1004000000,1004000000,25360000000,1039000000,13347000000,887000000,12460000000,13347000000,2353000000,8461000000,8691000000,1720000000,5367000000,3000000,273017840
2018-03-31,USD,44018000000,8287000000,2404000000,4475000000,924000000,1760000000,43870000000,26739000000,None,8044000000,3521000000,4523000000,None,853000000,2071000000,1128000000,8992000000,35630000000,14183000000,2399000000,None,1779000000,1779000000,25170000000,1019000000,13821000000,1655000000,12166000000,13821000000,2283000000,8314000000,8388000000,1314000000,4684000000,3000000,279410451
2017-12-31,USD,42346000000,7133000000,1482000000,3798000000,924000000,1340000000,43366000000,26208000000,None,8062000000,3539000000,4523000000,None,852000000,2316000000,1051000000,9005000000,33558000000,12763000000,2196000000,None,1693000000,1693000000,24592000000,996000000,13268000000,1565000000,11703000000,13268000000,2735000000,8150000000,8788000000,769000000,4549000000,3000000,286973195
